Precision: 0.7857142857142857
Recall: 0.8918918918918919
F1 Score: 0.8354430379746834
