Precision: 0.6363636363636364
Recall: 0.7567567567567568
F1 Score: 0.691358024691358
