Precision: 0.84
Recall: 0.5675675675675675
F1 Score: 0.6774193548387097
