Precision: 1.0
Recall: 0.4594594594594595
F1 Score: 0.6296296296296297
