Precision: 0.9354838709677419
Recall: 0.7837837837837838
F1 Score: 0.8529411764705881
