Precision: 1.0
Recall: 0.40540540540540543
F1 Score: 0.5769230769230769
