Precision: 1.0
Recall: 0.9459459459459459
F1 Score: 0.9722222222222222
