Precision: 0.6727272727272727
Recall: 1.0
F1 Score: 0.8043478260869564
