Precision: 0.8695652173913043
Recall: 0.5405405405405406
F1 Score: 0.6666666666666666
