Precision: 0.9
Recall: 0.4864864864864865
F1 Score: 0.631578947368421
