Precision: 1.0
Recall: 0.6216216216216216
F1 Score: 0.7666666666666667
