Precision: 0.8571428571428571
Recall: 0.972972972972973
F1 Score: 0.9113924050632912
