Precision: 0.6923076923076923
Recall: 0.972972972972973
F1 Score: 0.8089887640449438
