Precision: 0.6666666666666666
Recall: 0.5405405405405406
F1 Score: 0.5970149253731343
