Precision: 1.0
Recall: 0.2972972972972973
F1 Score: 0.4583333333333333
