Precision: 0.9736842105263158
Recall: 1.0
F1 Score: 0.9866666666666666
