Precision: 0.8260869565217391
Recall: 0.5135135135135135
F1 Score: 0.6333333333333333
