Precision: 1.0
Recall: 0.918918918918919
F1 Score: 0.9577464788732395
