Precision: 0.87109375
Recall: 1.0
F1 Score: 0.9311064718162839
