Precision: 0.8918918918918919
Recall: 0.8918918918918919
F1 Score: 0.8918918918918919
