Precision: 0.9487179487179487
Recall: 1.0
F1 Score: 0.9736842105263158
