Precision: 0.5211267605633803
Recall: 1.0
F1 Score: 0.6851851851851851
