Precision: 0.9047619047619048
Recall: 0.5135135135135135
F1 Score: 0.6551724137931034
