Precision: 0.7692307692307693
Recall: 0.5405405405405406
F1 Score: 0.6349206349206349
