Precision: 0.7435897435897436
Recall: 0.7837837837837838
F1 Score: 0.7631578947368421
