Precision: 0.7419354838709677
Recall: 0.6216216216216216
F1 Score: 0.676470588235294
