Precision: 0.7560975609756098
Recall: 0.8378378378378378
F1 Score: 0.7948717948717948
