Precision: 1.0
Recall: 0.3783783783783784
F1 Score: 0.5490196078431372
