Precision: 0.9024390243902439
Recall: 1.0
F1 Score: 0.9487179487179488
