Precision: 0.9428571428571428
Recall: 0.8918918918918919
F1 Score: 0.9166666666666667
