Precision: 0.9117647058823529
Recall: 0.9841269841269841
F1 Score: 0.9465648854961831
