Precision: 1.0
Recall: 0.5675675675675675
F1 Score: 0.7241379310344828
