Precision: 0.918918918918919
Recall: 0.918918918918919
F1 Score: 0.918918918918919
