Precision: 0.8043478260869565
Recall: 1.0
F1 Score: 0.891566265060241
