Precision: 0.7872340425531915
Recall: 1.0
F1 Score: 0.880952380952381
