Precision: 0.9722222222222222
Recall: 0.9459459459459459
F1 Score: 0.9589041095890412
