Precision: 1.0
Recall: 0.6756756756756757
F1 Score: 0.8064516129032258
