Precision: 0.9310344827586207
Recall: 0.7297297297297297
F1 Score: 0.8181818181818181
