Precision: 0.6923076923076923
Recall: 0.4864864864864865
F1 Score: 0.5714285714285714
