Precision: 0.8648648648648649
Recall: 0.8648648648648649
F1 Score: 0.8648648648648649
