Precision: 0.9375
Recall: 0.40540540540540543
F1 Score: 0.5660377358490566
