Precision: 1.0
Recall: 0.05405405405405406
F1 Score: 0.10256410256410257
