Precision: 1.0
Recall: 0.5135135135135135
F1 Score: 0.6785714285714285
