Precision: 0.6607142857142857
Recall: 1.0
F1 Score: 0.7956989247311829
