Precision: 0.5138888888888888
Recall: 1.0
F1 Score: 0.6788990825688073
