Precision: 0.6065573770491803
Recall: 1.0
F1 Score: 0.7551020408163265
